1000

#ENGLAND
#sussex
67 66
66 47
47 48
47 215
48 218
218 325
218 217
217 216
216 215
216 329
329 328
328 327
327 326
326 325

#mercia
#one unknown node between 485 and 636
#one unknown node between 477 and 467
646 631
631 630
631 632
631 640
630 629
629 628
628 627
627 626
626 490
490 489
489 487
487 641
487 486
487 488
641 638
638 640
638 637
638 639
639 633
633 632
633 635
635 636
637 485
486 485
485 484
484 477
477 488
477 478

#bristol
415 414
415 416
414 413
413 412
412 400
416 400
400 401
400 399
401 402
402 396
399 398
398 397
397 396
396 395
396 410
410 409
409 408
408 407
407 406
395 394
394 359
394 405
405 406
406 464
406 460
464 465
460 461
359 358
358 357
357 356
356 224
224 223
224 221
221 220
220 219
220 462
220 278
462 461
219 137
223 137
137 136
137 482
136 67
461 463
463 465
465 466
466 467
278 279
279 483
279 280
483 481
481 480
280 479
482 481
480 479
479 478

#westmorland
648 647
647 643
643 642
643 644
643 706
644 645
645 646
645 700
700 701
701 702
702 703
703 704
704 705
705 706
703 707
707 708
708 709
709 710
710 711
711 712
712 826
826 827
827 828
828 829
829 832
832 834
834 827
834 833
833 755

#SCOTLAND
#county of galloway
755 756
756 757
757 758
758 759
758 783
759 760
760 761
761 762
760 763
763 764
760 784
760 835
835 836
836 837
837 838
838 839

#glasgow node numbers are now known..


#IRELAND
